,S11,f,x,y,z,w
0,(0.039952839446+0.0209810898676j),1000000000.0,0,0,0
1,(0.0365677390905-0.0175288947982j),1081632653.06,0,0,0
2,(0.00259661948312-0.0346420291273j),1163265306.12,0,0,0
3,(-0.0240958632247-0.0145859797499j),1244897959.18,0,0,0
4,(-0.0179532076435+0.0171104000282j),1326530612.24,0,0,0
5,(0.0154766794407+0.0247548454081j),1408163265.31,0,0,0
6,(0.0396511782025-0.00672346287542j),1489795918.37,0,0,0
7,(0.0203961426128-0.0504051172755j),1571428571.43,0,0,0
8,(-0.0355006014114-0.0613050335947j),1653061224.49,0,0,0
9,(-0.0865677307593-0.0141361298552j),1734693877.55,0,0,0
10,(-0.0767390461493+0.0660202645207j),1816326530.61,0,0,0
11,(-0.00258979910331+0.115274715353j),1897959183.67,0,0,0
12,(0.0934725539981+0.0867816876573j),1979591836.73,0,0,0
13,(0.134861241228-0.00931463775486j),2061224489.8,0,0,0
14,(0.0916004602494-0.106659263802j),2142857142.86,0,0,0
15,(-0.0117798214276-0.144895679393j),2224489795.92,0,0,0
16,(-0.109812963231-0.0900640583983j),2306122448.98,0,0,0
17,(-0.135623275759+0.00956906960289j),2387755102.04,0,0,0
18,(-0.0837177074296+0.100405423184j),2469387755.1,0,0,0
19,(0.0190212220603+0.115990883406j),2551020408.16,0,0,0
20,(0.0795453365142+0.0646372392322j),2632653061.22,0,0,0
21,(0.0903773505829+0.00030373618985j),2714285714.29,0,0,0
22,(0.0582324428671-0.0485999144216j),2795918367.35,0,0,0
23,(0.0166227144914-0.0570148050124j),2877551020.41,0,0,0
24,(-0.00717607031355-0.0477908288j),2959183673.47,0,0,0
25,(-0.0230896491269-0.0383176605888j),3040816326.53,0,0,0
26,(-0.0380469016207-0.0269226937353j),3122448979.59,0,0,0
27,(-0.0540672250315-0.0066449826905j),3204081632.65,0,0,0
28,(-0.0574872676846+0.0324877598354j),3285714285.71,0,0,0
29,(-0.0232955512521+0.0692182372877j),3367346938.78,0,0,0
30,(0.0284546781924+0.0708244846644j),3448979591.84,0,0,0
31,(0.074297053373+0.0380378803313j),3530612244.9,0,0,0
32,(0.0807924836123-0.0283790871725j),3612244897.96,0,0,0
33,(0.0350024365517-0.072112629055j),3693877551.02,0,0,0
34,(-0.024109040637-0.0715412287821j),3775510204.08,0,0,0
35,(-0.0668995852087-0.0242883408536j),3857142857.14,0,0,0
36,(-0.0524465711725+0.0294814087702j),3938775510.2,0,0,0
37,(-0.0123688771266+0.0492578422783j),4020408163.27,0,0,0
38,(0.0301517183682+0.0332077462451j),4102040816.33,0,0,0
39,(0.0360225871088-0.0124211795012j),4183673469.39,0,0,0
40,(0.00195869003471-0.0337500673285j),4265306122.45,0,0,0
41,(-0.0313265825884-0.0187758017465j),4346938775.51,0,0,0
42,(-0.0364800913894+0.0206211015789j),4428571428.57,0,0,0
43,(-0.00563314383346+0.0447420080459j),4510204081.63,0,0,0
44,(0.0321186636204+0.0383730322398j),4591836734.69,0,0,0
45,(0.0555216846048+0.000378874765533j),4673469387.76,0,0,0
46,(0.0367823860463-0.0405428373402j),4755102040.82,0,0,0
47,(0.00244034983832-0.0513008008355j),4836734693.88,0,0,0
48,(-0.0271532717962-0.0435945508645j),4918367346.94,0,0,0
49,(-0.0489838814373-0.0191271065188j),5000000000.0,0,0,0
0,(0.039859437474+0.0209391379094j),1000000000.0,1000,0,0
1,(0.0365980305539-0.0174558399691j),1081632653.06,1000,0,0
2,(0.00253257030065-0.0345747947722j),1163265306.12,1000,0,0
3,(-0.0240846556912-0.0145204596783j),1244897959.18,1000,0,0
4,(-0.0179713487996+0.0170615409339j),1326530612.24,1000,0,0
5,(0.015427371264+0.0247519935644j),1408163265.31,1000,0,0
6,(0.0397688008119-0.00677472501223j),1489795918.37,1000,0,0
7,(0.020436255541-0.0504371143238j),1571428571.43,1000,0,0
8,(-0.0355052443555-0.0613400646513j),1653061224.49,1000,0,0
9,(-0.0866247333955-0.0140873964113j),1734693877.55,1000,0,0
10,(-0.0767157242504+0.0659988291192j),1816326530.61,1000,0,0
11,(-0.00254160593401+0.115299627522j),1897959183.67,1000,0,0
12,(0.093451849028+0.0867850069633j),1979591836.73,1000,0,0
13,(0.134846455633-0.00935192818637j),2061224489.8,1000,0,0
14,(0.0915431070138-0.106605585039j),2142857142.86,1000,0,0
15,(-0.0117112756247-0.144915784694j),2224489795.92,1000,0,0
16,(-0.109844420192-0.090148359468j),2306122448.98,1000,0,0
17,(-0.135629851146+0.00951671550875j),2387755102.04,1000,0,0
18,(-0.0837935503318+0.100484790681j),2469387755.1,1000,0,0
19,(0.0189314027792+0.116008522251j),2551020408.16,1000,0,0
20,(0.079475443429+0.0646267581614j),2632653061.22,1000,0,0
21,(0.0903406030319+0.000358632728198j),2714285714.29,1000,0,0
22,(0.0582764908487-0.0485891405858j),2795918367.35,1000,0,0
23,(0.0167508499238-0.0570384611412j),2877551020.41,1000,0,0
24,(-0.0072922036547-0.0478228411334j),2959183673.47,1000,0,0
25,(-0.0230619289343-0.0383110597293j),3040816326.53,1000,0,0
26,(-0.0380953689238-0.0267752593223j),3122448979.59,1000,0,0
27,(-0.0540320952841-0.00666931273673j),3204081632.65,1000,0,0
28,(-0.0574465133703+0.032553051192j),3285714285.71,1000,0,0
29,(-0.0234404099204+0.0693427640374j),3367346938.78,1000,0,0
30,(0.0283786573338+0.0709950317583j),3448979591.84,1000,0,0
31,(0.0743287874193+0.0378894148048j),3530612244.9,1000,0,0
32,(0.0808459004633-0.0284203676811j),3612244897.96,1000,0,0
33,(0.0349585738004-0.0720651081074j),3693877551.02,1000,0,0
34,(-0.0240647154103-0.0716592250674j),3775510204.08,1000,0,0
35,(-0.0669562398933-0.0244338229433j),3857142857.14,1000,0,0
36,(-0.0525352842371+0.0294712770388j),3938775510.2,1000,0,0
37,(-0.0123243781186+0.049299915018j),4020408163.27,1000,0,0
38,(0.0301406096428+0.0331760757838j),4102040816.33,1000,0,0
39,(0.0362496796991-0.01237980165j),4183673469.39,1000,0,0
40,(0.00185050461974-0.0337580018163j),4265306122.45,1000,0,0
41,(-0.0314631221539-0.018740285143j),4346938775.51,1000,0,0
42,(-0.0364937358122+0.0206749869952j),4428571428.57,1000,0,0
43,(-0.00570304334118+0.0447534102955j),4510204081.63,1000,0,0
44,(0.0318922154553+0.0383089480819j),4591836734.69,1000,0,0
45,(0.0555542130056+0.000379168410805j),4673469387.76,1000,0,0
46,(0.0367379803354-0.0406060717731j),4755102040.82,1000,0,0
47,(0.00254310259909-0.0512491643061j),4836734693.88,1000,0,0
48,(-0.027080062104-0.0436763444879j),4918367346.94,1000,0,0
49,(-0.0489531656662-0.0191611713988j),5000000000.0,1000,0,0
0,(0.0398741538442+0.0210189043706j),1000000000.0,2000,0,0
1,(0.0366248031328-0.0174360088128j),1081632653.06,2000,0,0
2,(0.00257708740781-0.0346107254721j),1163265306.12,2000,0,0
3,(-0.0240252705795-0.0145770629781j),1244897959.18,2000,0,0
4,(-0.0180816823633+0.017015858602j),1326530612.24,2000,0,0
5,(0.0154201301249+0.0247233607876j),1408163265.31,2000,0,0
6,(0.0398553248573-0.00669534529735j),1489795918.37,2000,0,0
7,(0.0203543984958-0.0504744552624j),1571428571.43,2000,0,0
8,(-0.035491145634-0.06133781772j),1653061224.49,2000,0,0
9,(-0.0866668762342-0.0141702085666j),1734693877.55,2000,0,0
10,(-0.0767641831885+0.0660514033266j),1816326530.61,2000,0,0
11,(-0.00255490429775+0.11534426777j),1897959183.67,2000,0,0
12,(0.0934123848261+0.0868188646451j),1979591836.73,2000,0,0
13,(0.134910113774-0.0094524092159j),2061224489.8,2000,0,0
14,(0.0915281312049-0.106601504056j),2142857142.86,2000,0,0
15,(-0.0117531507793-0.144831755251j),2224489795.92,2000,0,0
16,(-0.109838236749-0.0901769816089j),2306122448.98,2000,0,0
17,(-0.135551992633+0.00953448899817j),2387755102.04,2000,0,0
18,(-0.0837112399373+0.100484158933j),2469387755.1,2000,0,0
19,(0.0189858037928+0.115996854343j),2551020408.16,2000,0,0
20,(0.0794305362268+0.0646125270405j),2632653061.22,2000,0,0
21,(0.0903653014096+0.000355807779228j),2714285714.29,2000,0,0
22,(0.0581696897098-0.048519199582j),2795918367.35,2000,0,0
23,(0.0166104884901-0.0569721892082j),2877551020.41,2000,0,0
24,(-0.00731402184575-0.047772914672j),2959183673.47,2000,0,0
25,(-0.0230897017203-0.0383540354747j),3040816326.53,2000,0,0
26,(-0.0380972354858-0.0267412997663j),3122448979.59,2000,0,0
27,(-0.0540417971434-0.00667797210905j),3204081632.65,2000,0,0
28,(-0.0574328407889+0.0325921138008j),3285714285.71,2000,0,0
29,(-0.0232827050324+0.0693250847867j),3367346938.78,2000,0,0
30,(0.0284496381927+0.0709028292445j),3448979591.84,2000,0,0
31,(0.0743925185067+0.0378636165542j),3530612244.9,2000,0,0
32,(0.0809055056037-0.0283867804405j),3612244897.96,2000,0,0
33,(0.0348298444277-0.0720095141118j),3693877551.02,2000,0,0
34,(-0.02403564974-0.0717417888373j),3775510204.08,2000,0,0
35,(-0.0669178028257-0.0243558476619j),3857142857.14,2000,0,0
36,(-0.0524575805428+0.0295162499671j),3938775510.2,2000,0,0
37,(-0.0125335115878+0.0494583280519j),4020408163.27,2000,0,0
38,(0.0301268034178+0.0331095165189j),4102040816.33,2000,0,0
39,(0.0361375422984-0.0123288324377j),4183673469.39,2000,0,0
40,(0.00191651594142-0.0337544060972j),4265306122.45,2000,0,0
41,(-0.0313600993404-0.0187297701412j),4346938775.51,2000,0,0
42,(-0.0364532471674+0.0206980944066j),4428571428.57,2000,0,0
43,(-0.00560839072078+0.044675373013j),4510204081.63,2000,0,0
44,(0.0319703593013+0.0384226420848j),4591836734.69,2000,0,0
45,(0.0554893178964+0.000334030388552j),4673469387.76,2000,0,0
46,(0.0368702014374-0.0405250105369j),4755102040.82,2000,0,0
47,(0.00248530046649-0.051283170996j),4836734693.88,2000,0,0
48,(-0.0270350276967-0.0435538965657j),4918367346.94,2000,0,0
49,(-0.0490356151212-0.0191309074839j),5000000000.0,2000,0,0
0,(0.0399045231783+0.0208874816777j),1000000000.0,3000,0,0
1,(0.0366015715778-0.0175313147877j),1081632653.06,3000,0,0
2,(0.0025972357901-0.0346155008726j),1163265306.12,3000,0,0
3,(-0.0240798827694-0.0145917544039j),1244897959.18,3000,0,0
4,(-0.0179860484547+0.0170396249155j),1326530612.24,3000,0,0
5,(0.0154817862329+0.0247840162756j),1408163265.31,3000,0,0
6,(0.039768108269-0.00667461072554j),1489795918.37,3000,0,0
7,(0.0204070225536-0.0503751522709j),1571428571.43,3000,0,0
8,(-0.0355540526212-0.0613066535921j),1653061224.49,3000,0,0
9,(-0.0867211602642-0.0141379409816j),1734693877.55,3000,0,0
10,(-0.0767013058354+0.0661154193314j),1816326530.61,3000,0,0
11,(-0.00251286368183+0.115421163447j),1897959183.67,3000,0,0
12,(0.0933166300079+0.0867015965273j),1979591836.73,3000,0,0
13,(0.134789427484-0.00937516023593j),2061224489.8,3000,0,0
14,(0.0916046702192-0.106621774061j),2142857142.86,3000,0,0
15,(-0.0117801095408-0.144871706503j),2224489795.92,3000,0,0
16,(-0.109702513445-0.0901582995384j),2306122448.98,3000,0,0
17,(-0.135644146956+0.00946888917683j),2387755102.04,3000,0,0
18,(-0.0836166328621+0.100516669636j),2469387755.1,3000,0,0
19,(0.0190068594155+0.116030217601j),2551020408.16,3000,0,0
20,(0.0794270371476+0.0646184872952j),2632653061.22,3000,0,0
21,(0.0902847157995+0.000216729063891j),2714285714.29,3000,0,0
22,(0.0581254174182-0.0486316625279j),2795918367.35,3000,0,0
23,(0.016701460196-0.056865561452j),2877551020.41,3000,0,0
24,(-0.00723462306606-0.0478461078544j),2959183673.47,3000,0,0
25,(-0.0231505199873-0.038348515522j),3040816326.53,3000,0,0
26,(-0.0381958264845-0.0268305103239j),3122448979.59,3000,0,0
27,(-0.0541023228896-0.00668384977273j),3204081632.65,3000,0,0
28,(-0.057308286951+0.0326174765155j),3285714285.71,3000,0,0
29,(-0.0233819854563+0.0692946340888j),3367346938.78,3000,0,0
30,(0.0283935451861+0.0708908092255j),3448979591.84,3000,0,0
31,(0.0743181668328+0.0380102980331j),3530612244.9,3000,0,0
32,(0.0808654931974-0.0283686579893j),3612244897.96,3000,0,0
33,(0.0349426082818-0.0721501582582j),3693877551.02,3000,0,0
34,(-0.0239931334076-0.0716230094902j),3775510204.08,3000,0,0
35,(-0.0669497144124-0.0243204088327j),3857142857.14,3000,0,0
36,(-0.0524314324807+0.02943033668j),3938775510.2,3000,0,0
37,(-0.0124185252119+0.0494234517892j),4020408163.27,3000,0,0
38,(0.0301844318492+0.0331761518103j),4102040816.33,3000,0,0
39,(0.0362469490707-0.0124307988866j),4183673469.39,3000,0,0
40,(0.00179312623171-0.0337477942291j),4265306122.45,3000,0,0
41,(-0.0313373665643-0.0186287491455j),4346938775.51,3000,0,0
42,(-0.0364684930794+0.0206315071503j),4428571428.57,3000,0,0
43,(-0.00567356059524+0.0447211408259j),4510204081.63,3000,0,0
44,(0.031943154694+0.038305898791j),4591836734.69,3000,0,0
45,(0.0554374565593+0.000447634502017j),4673469387.76,3000,0,0
46,(0.0368269432879-0.0405537134441j),4755102040.82,3000,0,0
47,(0.00240174889407-0.0511849846538j),4836734693.88,3000,0,0
48,(-0.0272235317581-0.0436576688159j),4918367346.94,3000,0,0
49,(-0.0488992820362-0.0192220421217j),5000000000.0,3000,0,0
0,(0.0399188631609+0.0209030881366j),1000000000.0,4000,0,0
1,(0.0365803375071-0.0173863939577j),1081632653.06,4000,0,0
2,(0.00251028203522-0.0346245435121j),1163265306.12,4000,0,0
3,(-0.0241091477354-0.0145342103363j),1244897959.18,4000,0,0
4,(-0.0180126211926+0.0170416827272j),1326530612.24,4000,0,0
5,(0.0154168070739+0.0248270582215j),1408163265.31,4000,0,0
6,(0.0396715081607-0.00674595583897j),1489795918.37,4000,0,0
7,(0.0204391699294-0.0504291010849j),1571428571.43,4000,0,0
8,(-0.0354986498739-0.0613480405946j),1653061224.49,4000,0,0
9,(-0.0866730706012-0.0142021463517j),1734693877.55,4000,0,0
10,(-0.0767147171601+0.0659870327679j),1816326530.61,4000,0,0
11,(-0.00261989244175+0.115297698813j),1897959183.67,4000,0,0
12,(0.0934552264404+0.0866721442188j),1979591836.73,4000,0,0
13,(0.134862594516-0.00937267776153j),2061224489.8,4000,0,0
14,(0.0915805574815-0.106584941502j),2142857142.86,4000,0,0
15,(-0.0117675966922-0.144925144612j),2224489795.92,4000,0,0
16,(-0.109739257797-0.0901165798285j),2306122448.98,4000,0,0
17,(-0.135594993073+0.00950411708476j),2387755102.04,4000,0,0
18,(-0.0837278227961+0.100476689394j),2469387755.1,4000,0,0
19,(0.0189487411656+0.115958065012j),2551020408.16,4000,0,0
20,(0.0794683537715+0.064657413675j),2632653061.22,4000,0,0
21,(0.0902969194324+0.000315153973506j),2714285714.29,4000,0,0
22,(0.05821320674-0.0485809088179j),2795918367.35,4000,0,0
23,(0.0166805278889-0.0569190565028j),2877551020.41,4000,0,0
24,(-0.00731671088825-0.0478089886942j),2959183673.47,4000,0,0
25,(-0.0229615486415-0.0383086836698j),3040816326.53,4000,0,0
26,(-0.0380639303017-0.0267804681292j),3122448979.59,4000,0,0
27,(-0.0539907698775-0.00664105178501j),3204081632.65,4000,0,0
28,(-0.0574023224991+0.0325917560616j),3285714285.71,4000,0,0
29,(-0.0233514370303+0.0693317588808j),3367346938.78,4000,0,0
30,(0.0284033745003+0.0710117538975j),3448979591.84,4000,0,0
31,(0.0742271986335+0.0380065273001j),3530612244.9,4000,0,0
32,(0.0808744641727-0.0283283013372j),3612244897.96,4000,0,0
33,(0.034905307572-0.072014496851j),3693877551.02,4000,0,0
34,(-0.0241691224074-0.0716900584016j),3775510204.08,4000,0,0
35,(-0.0669013321188-0.0242969282586j),3857142857.14,4000,0,0
36,(-0.0524498286718+0.0294975941268j),3938775510.2,4000,0,0
37,(-0.012420495665+0.0494455154306j),4020408163.27,4000,0,0
38,(0.0301191424633+0.0331529966044j),4102040816.33,4000,0,0
39,(0.0362228171569-0.0124170960747j),4183673469.39,4000,0,0
40,(0.00196581613502-0.0337503449638j),4265306122.45,4000,0,0
41,(-0.0313704181406-0.018671291796j),4346938775.51,4000,0,0
42,(-0.0364426386162+0.0206263859059j),4428571428.57,4000,0,0
43,(-0.00557638261939+0.0446835465099j),4510204081.63,4000,0,0
44,(0.0319888939544+0.038422592497j),4591836734.69,4000,0,0
45,(0.0555039913653+0.000395139867388j),4673469387.76,4000,0,0
46,(0.0367203611587-0.0404682006588j),4755102040.82,4000,0,0
47,(0.00248300884362-0.0512688192038j),4836734693.88,4000,0,0
48,(-0.0270682804438-0.0435358007438j),4918367346.94,4000,0,0
49,(-0.0489690064478-0.0191313292998j),5000000000.0,4000,0,0
